COSMOS 2433 (720)       
1 32275U 07052A   26144.45276463 -.00000045  00000+0  00000+0 0  9995
2 32275  65.5906 316.7315 0001789 184.8625 175.1353  2.13103983144551
COSMOS 2432 (719)       
1 32276U 07052B   26147.35152829 -.00000061  00000+0  00000+0 0  9995
2 32276  65.6055 316.7618 0007912 334.5151  33.2841  2.13103240144648
COSMOS 2434 (721)       
1 32393U 07065A   26147.40986510  .00000076  00000+0  00000+0 0  9992
2 32393  64.3163 192.6167 0001066 356.5469   1.9869  2.13101353143323
COSMOS 2436 (723)       
1 32395U 07065C   26147.25068185  .00000075  00000+0  00000+0 0  9995
2 32395  64.3246 192.6940 0017169 355.5087  13.3114  2.13100249143280
COSMOS 2456 (730)       
1 36111U 09070A   26147.42814324 -.00000062  00000+0  00000+0 0  9993
2 36111  65.0001  71.6793 0005345 325.0267 205.5549  2.13103588127989
COSMOS 2457 (733)       
1 36112U 09070B   26147.74330237 -.00000063  00000+0  00000+0 0  9996
2 36112  64.9859  71.5130 0001988 128.7659  51.1913  2.13101049127996
COSMOS 2460 (732)       
1 36402U 10007C   26147.50482167 -.00000063  00000+0  00000+0 0  9994
2 36402  65.4349 315.1661 0002254  94.4404 264.5388  2.13101719126289
COSMOS 2476 (744)       
1 37867U 11064A   26147.55988468 -.00000060  00000+0  00000+0 0  9991
2 37867  65.2594  73.5669 0023267 240.7269 299.2567  2.13103645113325
COSMOS 2477 (745)       
1 37868U 11064B   26147.81029400 -.00000060  00000+0  00000+0 0  9993
2 37868  65.2661  73.6377 0020266 242.1447 310.3460  2.13102892113328
COSMOS 2475 (743)       
1 37869U 11064C   26147.38658444 -.00000059  00000+0  00000+0 0  9990
2 37869  65.2728  73.6734 0026273 254.5824 288.0607  2.13101735113329
COSMOS 2485 (747)       
1 39155U 13019A   26147.26256176 -.00000057  00000+0  00000+0 0  9993
2 39155  65.4090  74.3060 0023586 235.9066 123.8569  2.13103062101839
COSMOS 2492 (754)       
1 39620U 14012A   26147.22148484 -.00000062  00000+0  00000+0 0  9998
2 39620  65.3097 314.6476 0010717 328.3407  31.5876  2.13103148 94798
COSMOS 2500 (755)       
1 40001U 14032A   26146.92225498 -.00000061  00000+0  00000+0 0  9991
2 40001  65.2457 314.4064 0006724 181.3031 178.6887  2.13105972 93001
COSMOS 2501 (702K)      
1 40315U 14075A   26147.18407720  .00000076  00000+0  00000+0 0  9990
2 40315  63.6150 191.0993 0022407 212.3957 147.5448  2.13101350 89402
COSMOS 2514 (751)       
1 41330U 16008A   26145.76069459 -.00000054  00000+0  00000+0 0  9998
2 41330  65.0356 313.7758 0010448 196.8372 163.1231  2.13102667 80143
COSMOS 2522 (752)       
1 42939U 17055A   26146.53708015  .00000066  00000+0  00000+0 0  9993
2 42939  64.0769 192.6214 0010357 239.2525 120.7217  2.13101796 67519
COSMOS 2527 (756)       
1 43508U 18053A   26146.96785354 -.00000055  00000+0  00000+0 0  9992
2 43508  65.5672  74.6145 0007606 245.0663 114.8417  2.13102076 61820
COSMOS 2529 (757)       
1 43687U 18086A   26145.18750413  .00000047  00000+0  00000+0 0  9997
2 43687  64.2931 193.3710 0011483 256.0033 103.9404  2.13102011 58796
COSMOS 2534 (758)       
1 44299U 19030A   26144.13934797  .00000034  00000+0  00000+0 0  9996
2 44299  64.3666 193.4262 0012892 275.4828 134.9025  2.13102273 54415
COSMOS 2544 (759)       
1 44850U 19088A   26146.91256838 -.00000055  00000+0  00000+0 0  9997
2 44850  65.5550  74.4400 0013839 260.8962  98.9346  2.13101801 50264
COSMOS 2545 (760)       
1 45358U 20018A   26147.57697419 -.00000066  00000+0  00000+0 0  9995
2 45358  64.3680 313.1426 0007605 232.5366 127.3844  2.13102367 48229
COSMOS 2547 (705K)      
1 46805U 20075A   26147.29709020  .00000074  00000+0  00000+0 0  9995
2 46805  64.5978 193.1732 0009020 238.9590 121.0318  2.13100232 43464
COSMOS 2557 (706K)      
1 52984U 22075A   26142.29965628 -.00000040  00000+0  00000+0 0  9999
2 52984  64.3148 315.3974 0010092 278.3503  81.5318  2.13101899 30168
COSMOS 2559 (707K)      
1 54031U 22130A   26143.99626682 -.00000046  00000+0  00000+0 0  9994
2 54031  64.2867 315.4211 0012040 176.3040 183.7030  2.13101609 28176
COSMOS 2564 (761)       
1 54377U 22161A   26147.12445269  .00000072  00000+0  00000+0 0  9998
2 54377  64.7399 193.4109 0011862 223.4395 136.5457  2.13102082 27187
COSMOS 2569 (703K)      
1 57517U 23114A   26147.13678281 -.00000058  00000+0  00000+0 0  9994
2 57517  65.2910  73.3300 0011562 296.4894  63.3805  2.13103819 21818
COSMOS 2584 (704K)      
1 63130U 25042A   26147.02366059 -.00000058  00000+0  00000+0 0  9999
2 63130  65.0730  73.5210 0005967 231.3051 128.6297  2.13103850  9597
COSMOS 2596 (708K)      
1 65590U 25206B   26147.35140889 -.00000064  00000+0  00000+0 0  9997
2 65590  64.6480 315.7100 0011139 314.8160  53.1341  2.13100819  5478
